# This data file has been automatically generated using the network simulator TopGen

	0	1	2	3	4	5	6	7	8	9	10	11	12	13	14	15	16	17	18	19	20	21	22	23	24	25	26	27	28	29	30	31	32	33	34	35	36	37	38	39	40	41	42	43	44	45	46	47	48	49	50	51	52	53	54	55	56	57	58	59	60	61	62	63	64	65	66	67	68	69	70	71	72	73	74	75	76	77	78	79	80	81	82	83	84	85	86	87	88	89	90	91	92	93	94	95	96	97	98	99
0	0	23.40488	26.41861	15.63232	20.81964	16.61067	14.73743	18.51248	20.50423	18.11111	17.86362	19.79597	25.10062	19.79597	13.70548	15.35648	24.05801	17.43582	16.81269	16.98539	23.69469	15.54199	24.32085	16.10286	13.92986	16.65187	21.31819	13.4746	15.61803	19.26617	18.15874	17.18906	18.22762	17.28545	6.534886	26.30231	16.4381	19.80376	13.90656	18.60775	5.431797	19.20523	16.1262	14.73743	18.32296	18.79349	18.65542	17.16218	20.52452	17.18318	5.431797	18.22809	18.09349	15.81532	23.8172	21.73034	4.619111	16.20682	16.54835	24.0517	21.58936	16.27707	23.8172	15.71246	19.14151	12.67027	3.947225	24.05801	21.32247	17.54655	18.139	10.69261	5.26156	20.83394	19.78453	5.302306	7.557959	18.03139	23.45388	16.96146	16.99993	18.98614	22.49952	15.95469	19.79597	17.40722	20.83394	19.55899	25.43127	20.58931	16.61924	15.67382	15.38447	16.14488	17.38649	23.26873	20.52452	16.3756	17.29767	18.74563
1	23.40488	0	25.85427	23.38794	24.13181	17.98915	14.04871	22.1401	17.62393	21.42327	21.17579	23.54359	22.93277	19.61471	17.38519	15.15941	11.13338	18.77074	28.72402	20.29756	5.997655	10.81617	22.54154	14.48455	23.64869	18.1761	17.00977	25.51113	23.37365	21.88329	21.4709	22.82259	21.53979	21.9601	19.06975	29.18174	21.67646	23.0668	11.68114	25.47002	21.83347	20.53032	19.43836	14.04871	19.297	22.10565	25.47596	20.47435	23.83669	19.92387	18.63797	20.52999	24.27987	19.12749	11.02366	12.64844	20.15794	12.64844	28.45968	21.88385	24.90153	10.76603	10.83025	16.73314	12.64844	19.05649	20.80404	12.28512	24.63464	20.93608	26.52966	26.06279	19.80939	10.08108	23.0967	19.69316	21.70013	20.85984	12.40764	18.00756	24.75554	26.74176	22.81656	27.86602	25.97819	11.00022	10.08108	21.56371	23.95078	14.43656	19.24975	23.42943	25.92482	19.92865	20.69865	12.28512	23.83669	19.68776	23.319	21.88385
2	26.41861	25.85427	0	17.01592	23.74595	22.84251	25.16162	19.21764	24.8774	21.03742	20.78993	21.40653	26.78201	21.64787	24.12966	18.28279	26.2279	27.86	29.16708	17.05551	23.63906	25.96618	26.01165	19.02917	27.45518	20.41768	22.83168	25.95419	18.97004	22.19248	21.08504	21.50363	21.15393	27.70964	19.14949	10.23195	17.3264	14.97453	28.95923	19.10378	21.9132	22.13154	19.05251	25.16162	20.23167	15.34874	20.35242	20.08849	23.45083	17.00141	22.44445	24.45993	20.2062	18.74163	25.65189	29.92653	20.60099	23.63906	28.90273	24.42203	24.51567	26.70125	25.65189	21.14468	25.24257	20.68303	20.88378	26.2279	24.24878	27.97073	20.38788	26.14253	20.25245	27.06579	22.71084	20.13622	22.14318	20.9577	30.04905	19.88777	21.12424	15.89178	18.41646	28.30907	23.41589	29.92653	27.06579	22.48531	6.347721	26.28312	19.54555	26.48362	26.00456	13.64947	20.31279	28.43888	23.45083	19.30191	19.20639	24.97748
3	15.63232	23.38794	17.01592	0	18.51615	4.540559	16.09457	11.82014	18.0666	15.98619	15.73871	9.270993	16.90511	9.270993	15.06262	12.72011	25.41515	18.79296	22.68887	16.78244	25.05183	16.89913	25.67799	10.62867	25.90446	5.885029	22.67533	21.07948	7.114206	14.49949	16.48468	10.49672	16.10271	18.64259	12.91893	18.86923	9.745763	15.1447	15.2637	8.082766	17.16928	17.31697	11.89737	16.09457	19.22719	15.51891	11.96308	15.25259	18.3996	10.49084	20.16701	11.53575	11.40116	15.97203	25.17434	25.05183	15.72629	17.56396	24.02803	14.98759	18.55367	17.6342	25.17434	12.87726	25.41515	9.835073	12.91893	25.41515	18.55367	18.90368	11.44666	19.66432	15.37774	22.19108	17.07072	15.26151	17.26848	15.09574	24.81102	10.43109	7.428208	3.202702	18.58663	23.43437	9.270993	18.76436	22.19108	16.96048	17.9982	21.94645	16.8554	10.0919	22.86414	13.30968	16.90756	22.9567	16.98828	15.35512	13.19093	12.0533
4	20.81964	24.13181	23.74595	18.51615	0	17.34411	22.67844	22.07241	22.03996	8.652449	12.12471	16.31408	23.12073	21.96465	23.93104	9.617565	22.2002	23.78934	22.75548	11.24647	24.82863	21.31556	23.17422	10.36394	18.78995	18.39666	22.82912	23.01117	16.35148	13.52725	12.41982	16.69554	12.4887	23.88975	12.98554	22.71008	14.44695	12.89203	24.15114	18.80295	15.50161	13.46631	10.38728	22.67844	16.08679	13.05457	22.10477	11.54482	11.06586	20.67106	13.77922	18.96154	19.70996	10.0764	18.59016	19.6873	15.92368	23.33823	29.9341	21.88066	11.86381	20.81524	18.59016	12.47945	24.12562	12.0178	12.98554	19.6873	11.86381	22.44709	21.75427	23.19951	13.84085	22.25769	10.32587	16.09202	22.54389	8.22926	22.67844	11.22254	17.73338	19.71959	15.3643	29.22626	22.10477	25.48176	22.25769	13.82008	21.83905	21.43301	7.160577	21.87817	21.32725	12.18494	7.927825	21.41981	11.06586	10.63668	12.46336	19.47908
5	16.61067	17.98915	22.84251	4.540559	17.34411	0	16.78455	10.84955	17.37838	18.36201	18.11452	8.825651	14.5249	7.624077	16.97517	11.12722	19.14213	18.71832	24.60142	17.23629	25.34472	18.81169	18.51264	12.54123	24.48371	6.185467	15.33267	21.66219	10.59497	16.16496	19.64846	10.88191	18.47852	19.22818	16.46099	22.38064	7.855879	15.94776	17.17626	9.496138	19.08184	19.22953	13.80993	16.78455	18.20639	16.32197	14.30115	14.66246	20.77542	8.600959	19.47298	12.12212	10.73569	15.55598	19.03241	25.99785	16.30899	19.47651	24.61073	13.47598	20.46623	19.54676	18.83899	14.78982	25.99785	11.74763	14.83149	25.99785	20.46623	17.78551	12.89123	21.57688	15.96044	24.10364	19.25927	15.84421	17.85118	17.0083	16.78455	13.26239	10.18204	6.61912	19.3897	24.01707	10.88191	20.67692	24.10364	15.93968	21.50961	16.77143	16.87014	14.10886	23.31606	14.6227	17.63739	25.99785	18.90084	16.42528	15.10349	13.47598
6	14.73743	14.04871	25.16162	16.09457	22.67844	16.78455	0	17.84146	9.304574	19.75471	19.50722	19.12496	19.6607	16.34264	12.20946	17.00008	14.12648	16.21473	20.66071	18.62899	14.12648	9.300747	16.00905	17.74645	21.98013	14.90403	7.258863	19.18211	14.94701	20.90977	19.80233	16.51804	19.87122	16.72459	17.16038	24.0694	15.76708	17.63652	9.771764	17.93673	15.14113	20.84883	17.76979	4.088279	19.89515	20.43708	17.9844	18.80578	22.16812	16.51216	16.9694	17.25792	17.42248	17.45892	10.49826	10.73907	15.63294	9.965573	23.86494	18.61177	23.23296	10.03582	14.70185	15.04144	10.73907	11.99926	10.89077	14.12648	22.96607	15.28193	17.46798	17.63616	17.03102	15.02824	21.42813	19.2822	15.45205	19.67499	4.088279	18.60505	16.32891	18.31512	21.07845	23.27129	19.12496	11.16598	15.02824	17.62843	23.19837	8.697622	18.26283	15.0028	24.01545	16.31146	19.03008	14.94265	22.16812	18.01919	17.42549	18.61177
7	18.51248	22.1401	19.21764	11.82014	22.07241	10.84955	17.84146	0	22.55227	20.26439	20.0169	10.78611	20.31823	11.90428	16.69291	13.09409	22.29927	20.42325	24.31915	19.13867	19.71043	18.52942	27.30828	12.25896	23.98259	11.58982	24.43508	22.70977	10.55598	16.12977	20.31202	8.537518	20.3809	20.27288	15.22085	19.9893	6.699706	16.26476	16.89399	12.64001	17.98457	18.94726	13.52766	17.72486	16.30304	16.63897	10.78611	19.31546	22.6778	7.444785	21.7973	13.16604	8.391297	17.9686	26.12041	25.9979	17.35658	19.19424	25.65831	19.66931	20.18396	19.26449	26.12041	14.50755	21.31394	11.46536	16.95514	22.29927	20.18396	20.53397	11.41841	21.29461	17.00803	23.13715	21.93781	16.8918	18.89877	16.72603	25.75709	12.06138	11.93788	13.92409	19.7067	25.06466	8.537518	20.39465	23.13715	18.56976	17.09969	18.84195	18.77252	10.61177	22.07592	14.9397	17.87926	25.9979	18.61857	18.52888	14.82122	13.68358
8	20.50423	17.62393	24.8774	18.0666	22.03996	17.37838	9.304574	22.55227	0	21.07503	20.82754	25.01692	20.98102	17.66296	13.52978	18.3204	19.24437	17.53505	27.26598	19.94931	18.59123	17.37914	17.32938	19.06678	23.30045	16.22435	8.579186	24.67127	20.63385	22.23009	21.12266	25.39838	21.19154	18.04492	17.49604	25.38972	23.14979	18.95684	12.72464	21.678	20.0121	22.16915	19.09012	10.03107	21.21547	21.75741	24.34003	20.1261	23.48844	18.63984	18.28972	18.57824	20.77457	18.77924	19.00356	12.2841	20.43418	19.24437	27.61981	19.9321	24.55329	16.48812	19.00356	21.18229	19.24437	20.72064	17.49604	19.24437	24.28639	16.60225	22.93011	24.51952	18.35135	19.32995	22.74845	20.60252	20.86026	20.99531	10.03107	19.92538	20.22092	18.82189	22.39878	27.02615	20.92079	13.93852	19.32995	18.94875	24.51869	10.01795	19.58316	24.14775	25.83775	17.63178	20.3504	19.24437	23.48844	19.33952	19.56212	19.9321
9	18.11111	21.42327	21.03742	15.98619	8.652449	18.36201	19.75471	20.26439	21.07503	0	11.46867	15.65805	22.46469	21.30861	23.27501	8.961532	21.54416	23.13331	22.09944	7.375926	24.17259	20.65952	22.51818	9.707907	18.13392	17.74063	22.17309	22.35513	18.87505	12.87122	11.76378	16.03951	11.83267	23.23372	12.32951	22.05405	13.79092	15.08349	23.4951	18.14692	14.84557	12.81028	3.645995	22.02241	15.43076	12.39854	21.44874	10.76723	14.12957	20.01503	13.12319	19.87077	19.05393	9.42037	17.93413	19.03126	15.26765	22.6822	29.27806	21.22462	15.19441	20.1592	17.93413	11.82342	23.46958	11.36177	12.32951	19.03126	14.92752	21.79106	21.09824	22.54348	13.18481	21.60166	10.02043	15.43599	21.88785	7.923821	22.02241	10.56651	21.99633	20.65456	12.2279	28.57023	21.44874	24.82573	21.60166	13.16404	21.18302	20.77697	6.855138	21.22214	20.67122	9.048544	6.238493	20.76377	14.12957	9.980643	12.15792	21.22462
10	17.86362	21.17579	20.78993	15.73871	12.12471	18.11452	19.50722	20.0169	20.82754	11.46867	0	15.76116	22.5678	21.41172	23.37812	9.064642	21.64727	23.23642	22.20255	10.69355	24.2757	20.76263	22.62129	9.811016	18.23703	17.84373	22.2762	22.45824	18.97816	12.97433	11.86689	16.14261	11.93578	23.33683	12.43262	22.15716	13.89403	15.1866	23.59821	18.25002	14.94868	12.91339	9.834355	22.12552	15.53387	12.50165	21.55185	10.87034	14.23268	20.11814	13.2263	19.97388	19.15704	9.523479	18.03724	19.13437	15.37076	22.78531	29.38117	21.32773	15.29752	20.26231	18.03724	11.92653	23.57269	12.17921	12.43262	19.13437	15.03063	21.89417	21.20135	22.64659	13.28792	21.70477	13.49269	15.5391	21.99096	11.73955	22.12552	10.66962	22.09944	20.75767	18.84187	28.67334	21.55185	24.92884	21.70477	13.26715	21.28613	20.88008	6.404225	21.32525	20.77432	13.86154	7.813013	20.86688	14.23268	10.08375	10.1741	21.32773
11	19.79597	23.54359	21.40653	9.270993	16.31408	8.825651	19.12496	10.78611	25.01692	15.65805	15.76116	0	16.10188	5.650568	17.9764	11.75143	28.55573	21.70675	24.88934	13.38034	25.9669	19.81291	21.21195	12.49781	20.92382	7.110354	18.03199	23.99327	7.072623	15.66112	14.55368	8.569878	14.62257	21.55638	21.47732	21.36827	9.384753	17.64374	18.17749	8.423657	17.63547	15.60018	12.52115	19.00836	18.22066	15.18844	8.569878	13.55713	16.91947	9.384753	15.91309	14.44954	10.91358	12.21027	20.72403	21.82116	18.05755	20.47774	26.94181	16.96716	17.98431	20.54799	20.72403	14.61332	27.5704	14.15167	15.11941	22.56834	17.71742	21.81747	11.36994	22.57811	15.97471	24.39156	16.17948	18.22589	20.18226	14.42634	19.48387	13.35641	9.40778	10.02429	21.08567	26.34816	5.650568	21.67815	24.39156	15.95394	20.49724	19.47074	13.01418	14.38139	23.46111	16.31867	13.78143	23.55367	16.91947	12.77054	16.10471	14.96708
12	25.10062	22.93277	26.78201	16.90511	23.12073	14.5249	19.6607	20.31823	20.98102	22.46469	22.5678	16.10188	0	13.27861	22.35503	13.19899	21.21389	20.79008	26.94684	19.28648	27.41648	20.89668	20.5844	18.40394	26.55548	11.84	17.40444	23.73395	13.78453	18.23673	20.45982	15.20137	20.5287	21.29994	18.53276	25.55073	16.01624	18.01953	19.75614	11.89451	23.26713	21.50632	18.42728	18.85632	20.27816	18.39374	15.20137	19.46326	22.8256	12.95278	21.54475	9.578847	17.30374	18.11641	21.10417	28.06962	18.38076	26.37428	26.6825	13.82529	23.89045	20.84654	20.91076	17.13524	28.06962	19.46077	20.26705	28.06962	23.62355	19.85728	18.00143	25.5258	18.03221	28.1552	22.08562	17.91598	19.92295	20.33248	18.85632	15.33415	12.46707	11.86313	21.46146	26.08884	17.96247	21.08073	28.1552	18.01144	24.6797	18.8432	18.92032	18.75233	25.38783	16.69447	19.68757	28.06962	22.8256	18.67668	18.62481	13.82529
13	19.79597	19.61471	21.64787	9.270993	21.96465	7.624077	16.34264	11.90428	17.66296	21.30861	21.41172	5.650568	13.27861	0	17.9764	10.56871	18.58361	18.1598	25.60265	19.41237	23.42477	19.81291	17.95412	13.54246	23.9252	5.626953	14.77416	21.10367	7.072623	15.60645	20.58571	11.0598	20.65459	18.66966	15.90248	21.3171	11.83767	17.59256	18.17749	10.06234	20.08307	20.23076	14.81116	16.22604	17.64787	17.96677	9.3543	19.58915	22.9515	8.042444	18.91446	11.56361	10.91358	18.2423	18.47389	25.43934	15.75048	20.47774	24.05222	12.91746	21.46745	20.54799	18.28048	15.79105	25.43934	12.74886	15.83272	25.43934	21.46745	17.227	11.61127	22.57811	15.40193	25.10487	22.21151	15.2857	17.29267	18.00953	16.22604	12.70387	9.40778	8.224489	21.0345	23.45856	5.650568	21.67815	25.10487	15.38116	20.44606	16.21292	19.04621	13.55035	22.75755	16.2675	19.81346	25.43934	19.90207	18.80257	16.10471	12.91746
14	13.70548	17.38519	24.12966	15.06262	23.93104	16.97517	12.20946	16.69291	13.52978	23.27501	23.37812	17.9764	22.35503	17.9764	0	14.57883	17.04858	11.24642	20.35525	18.64116	14.21467	14.56551	18.4813	15.68632	26.17937	15.67539	9.307013	18.87665	14.64155	16.35821	18.34341	16.21258	23.36085	11.5832	10.58531	23.65666	15.46162	18.82729	6.067373	17.63127	14.83567	21.36798	13.75609	13.76095	21.6696	19.2015	17.67894	17.11131	25.65775	16.2067	15.96958	17.25161	17.11702	17.83075	12.75558	12.71816	15.32748	15.23034	23.55948	24.53609	20.41239	15.30059	12.75558	14.73598	20.48432	11.6938	10.58531	13.83353	20.41239	11.84429	17.16252	17.3307	14.97552	17.26026	18.92944	14.80783	15.14659	16.95446	12.47735	12.28981	16.02345	18.00966	21.52304	22.96583	18.8195	16.43074	17.26026	18.8192	22.78563	13.49406	21.75247	14.69734	26.2558	15.1684	22.51972	17.36168	18.847	16.91876	17.12003	17.76915
15	15.35648	15.15941	18.28279	12.72011	9.617565	11.12722	17.00008	13.09409	18.3204	8.961532	9.064642	11.75143	13.19899	10.56871	14.57883	0	19.88614	21.47528	20.44142	8.932414	22.51457	19.0015	20.86016	5.107199	16.47589	16.0826	20.51506	20.69711	17.21702	11.21319	10.10576	14.38148	10.17464	21.57569	10.67148	20.39602	12.13289	7.984281	21.83708	16.48889	13.18755	11.15226	8.073219	20.36438	13.77273	10.74051	19.79071	9.109201	12.47154	18.357	11.46516	13.73258	17.3959	7.762344	16.2761	17.37324	13.60962	21.02417	27.62004	15.08643	13.53639	18.50118	16.2761	4.910582	21.81156	5.399027	10.67148	17.37324	13.26949	20.13303	19.44021	20.88545	11.52679	19.94363	11.73155	13.77796	20.22983	9.978415	20.36438	3.223433	20.3383	18.99653	10.73572	26.9122	19.79071	23.1677	19.94363	11.50602	19.52499	19.11895	8.566258	19.56411	19.01319	7.556359	9.333508	19.10575	12.47154	8.322618	8.317752	15.08643
16	24.05801	11.13338	26.2279	25.41515	22.2002	19.14213	14.12648	22.29927	19.24437	21.54416	21.64727	28.55573	21.21389	18.58361	17.04858	19.88614	0	16.2089	26.45892	19.14225	11.13338	9.093432	21.45201	18.25972	22.49339	17.02079	14.00338	27.6433	23.56567	21.42303	20.31559	24.46105	20.38448	22.61324	19.48208	28.36176	22.34273	22.24681	17.10668	24.65003	19.20504	21.36209	18.28306	14.70185	18.14169	20.95035	27.58429	19.31904	22.68138	19.95883	17.48266	19.37469	24.31483	17.97218	13.06077	7.465171	19.62712	10.70403	30.59185	20.72854	23.74623	8.593115	9.674938	20.37523	11.90349	19.91358	21.21637	7.465171	23.47933	27.46543	25.07463	26.71593	17.54428	8.925772	21.94139	19.79546	23.8323	20.18825	7.612504	19.11832	23.93556	25.92177	21.66125	29.99819	25.36806	13.30158	8.925772	21.71585	23.98573	11.46307	18.77609	22.60944	26.33715	22.31024	19.54334	9.935544	22.68138	18.53245	22.16381	20.72854
17	17.43582	18.77074	27.86	18.79296	23.78934	18.71832	16.21473	20.42325	17.53505	23.13331	23.23642	21.70675	20.79008	18.1598	11.24642	21.47528	16.2089	0	20.27329	17.47695	19.02083	14.48355	9.584869	15.60436	26.09742	15.59343	12.53502	18.79469	14.5596	16.27625	18.65029	16.13062	18.71917	10.30041	10.50336	23.5747	15.37966	16.48447	9.268649	17.54931	14.75371	19.69679	13.67414	13.679	18.7431	19.28504	17.59698	17.65373	21.01608	16.12474	15.88763	17.16965	17.03506	16.30688	13.03951	14.22036	15.24552	15.14838	23.47753	17.45973	20.33043	15.21863	13.03951	14.65403	13.4351	11.61184	10.50336	14.22036	20.33043	16.8644	17.08056	17.24874	14.89356	13.24014	20.27609	14.72587	15.06464	16.87251	13.97955	12.20786	15.94149	17.9277	19.92641	22.88387	18.73754	13.36391	13.24014	16.47639	22.70367	10.12363	17.11079	14.61538	26.17385	15.08644	17.87804	12.52921	18.76505	16.86715	17.03807	17.6872
18	16.81269	28.72402	29.16708	22.68887	22.75548	24.60142	20.66071	24.31915	27.26598	22.09944	22.20255	24.88934	26.94684	25.60265	20.35525	20.44142	26.45892	20.27329	0	16.96722	26.35703	18.49414	24.70262	16.08468	21.03131	19.60402	24.35753	11.72214	18.57019	19.248	18.14056	22.41628	18.20945	20.23761	6.021788	25.98179	20.16769	21.46027	16.85872	22.27006	11.00753	19.18706	16.10802	17.68959	21.80754	18.77531	21.60757	17.144	20.50635	20.13533	11.00753	21.18024	21.04565	15.79715	26.40604	21.2157	9.899652	19.15897	12.93639	23.73118	21.57119	19.22922	26.40604	18.2002	22.09367	17.73855	5.165091	21.2157	21.30429	20.4987	21.09115	19.97665	10.73355	23.7861	19.76636	13.2973	14.72344	18.01322	24.20685	16.94328	19.95208	21.9383	25.11553	12.34274	22.74813	20.35938	23.7861	19.54082	25.11076	22.96141	16.60106	18.62597	11.77251	20.13521	17.36831	22.94821	20.50635	16.35742	19.29524	21.69779
19	16.98539	20.29756	17.05551	16.78244	11.24647	17.23629	18.62899	19.13867	19.94931	7.375926	10.69355	13.38034	19.28648	19.41237	18.64116	8.932414	19.14225	17.47695	16.96722	0	23.39747	19.8844	21.74306	8.932784	17.3588	16.9655	21.39797	21.58001	18.09992	12.0961	10.98866	15.26438	11.05754	22.4586	11.55439	18.22732	13.01579	7.021685	22.71998	17.37179	14.07045	12.03516	7.375926	21.24729	14.65564	7.811619	20.67362	9.992105	13.35445	19.2399	12.34806	19.09564	18.27881	8.645247	17.15901	18.25614	14.49253	21.90708	28.50294	20.4495	12.70796	19.38408	17.15901	11.04829	22.69446	10.58665	11.55439	18.25614	14.1524	21.01593	20.32311	21.76836	12.40969	20.82654	12.61446	14.66087	21.11273	10.86132	21.24729	7.271434	21.22121	19.87944	13.93851	27.7951	20.67362	24.05061	20.82654	12.38892	17.35629	20.00185	7.385134	20.44702	19.89609	9.171512	10.21641	19.98865	13.35445	9.205521	9.594148	20.4495
20	23.69469	5.997655	23.63906	25.05183	24.82863	25.34472	14.12648	19.71043	18.59123	24.17259	24.2757	25.9669	27.41648	23.42477	14.21467	22.51457	11.13338	19.02083	26.35703	23.39747	0	10.24874	18.97684	21.54128	23.64869	19.74766	11.37543	25.05447	20.97684	24.70459	23.59716	21.87221	23.66604	19.69238	19.72289	27.88676	23.5941	24.16222	11.31151	22.63301	22.4866	24.64365	21.56462	14.70185	20.60026	24.23191	24.99546	22.6006	25.96294	17.37	18.63797	26.27352	21.72599	21.25374	13.06077	12.93826	19.70127	11.85934	28.00301	27.58426	27.02778	9.748424	13.06077	23.65679	13.30158	20.7157	21.45718	8.62048	26.76089	17.08843	25.62776	26.35261	19.35272	10.07751	25.22295	19.23649	21.24346	23.46981	12.69745	18.62058	23.24471	24.69945	25.19836	27.40936	22.77923	12.93826	10.07751	22.86697	21.3969	13.06263	22.05766	25.18165	26.57796	22.83716	22.82491	12.93826	25.96294	21.81401	19.57497	26.79106
21	15.54199	10.81617	25.96618	16.89913	21.31556	18.81169	9.300747	18.52942	17.37914	20.65952	20.76263	19.81291	20.89668	19.81291	14.56551	19.0015	9.093432	14.48355	18.49414	19.8844	10.24874	0	19.9501	16.55552	27.04858	16.54459	15.64069	19.74586	15.51076	17.22742	21.73193	17.08179	21.80081	17.17818	11.45452	24.52587	16.33083	19.6965	10.46904	18.50048	15.70487	22.77842	14.6253	9.059939	17.82448	22.36668	18.54815	20.73537	24.09771	17.07591	16.83879	18.12082	17.98623	19.38851	11.19554	11.43635	16.19669	10.52932	24.42869	20.41133	21.2816	10.59957	11.19554	15.60519	11.01885	12.563	11.45452	6.580528	21.2816	17.43927	18.03173	18.19991	15.84472	8.041128	23.35772	15.67704	16.0158	17.82367	11.19554	13.15902	16.89266	18.87887	22.39225	23.83504	19.68871	8.748337	8.041128	19.68841	23.65484	14.91181	20.19242	15.56655	27.12501	16.03761	20.95967	11.43635	19.71621	19.94878	17.98924	18.63836
22	24.32085	22.54154	26.01165	25.67799	23.17422	18.51264	16.00905	27.30828	17.32938	22.51818	22.62129	21.21195	20.5844	17.95412	18.4813	20.86016	21.45201	9.584869	24.70262	21.74306	18.97684	19.9501	0	16.38874	20.62241	13.54631	11.47137	21.99323	17.95581	19.55205	18.44462	22.72034	18.5135	7.411425	14.818	22.71168	20.47175	16.2788	11.35225	18.99995	17.33406	19.49111	16.41208	12.92325	18.53743	19.07937	21.66199	17.44806	20.8104	15.9618	15.61168	15.9002	18.09653	16.1012	12.07874	23.10032	17.75614	23.46364	24.94177	17.25406	21.87525	22.09268	12.07874	18.50425	23.46364	18.0426	14.818	23.46364	21.60835	13.92421	20.25207	22.75529	15.6733	20.23957	20.07041	17.92448	18.18222	18.31727	12.92325	17.24734	17.54288	16.14385	19.72074	24.34811	18.24275	23.46364	20.23957	16.27071	21.84065	12.34992	16.90512	21.4697	23.15971	14.95374	17.67237	23.10032	20.8104	16.66147	16.88408	17.25406
23	16.10286	14.48455	19.02917	10.62867	10.36394	12.54123	17.74645	12.25896	19.06678	9.707907	9.811016	12.49781	18.40394	13.54246	15.68632	5.107199	18.25972	15.60436	16.08468	8.932784	21.54128	16.55552	16.38874	0	17.22227	12.64694	21.26144	19.90976	11.6131	12.2537	10.85213	15.12786	10.92102	20.67178	11.41786	21.1424	12.87927	8.405317	17.2929	14.60282	13.93392	10.65199	8.819595	18.12377	14.51911	11.48689	14.65049	9.855577	13.21792	13.17825	12.21154	14.22316	14.08857	8.50872	17.02248	18.11961	14.356	19.59315	22.8583	21.50764	14.28276	19.6634	17.02248	8.8155	22.55793	5.612033	11.41786	19.0842	14.01587	20.93288	14.13407	21.69351	12.27316	20.69001	12.47793	14.52434	16.09875	8.430756	21.11076	7.458795	12.995	14.98121	9.306498	22.26464	15.79105	20.79355	20.69001	12.25239	20.27137	13.43499	9.312634	11.66889	19.75957	6.127141	10.07988	19.85212	13.21792	9.068993	5.573348	14.7407
24	13.92986	23.64869	27.45518	25.90446	18.78995	24.48371	21.98013	23.98259	23.30045	18.13392	18.23703	20.92382	26.55548	23.9252	26.17937	16.47589	22.49339	26.09742	21.03131	17.3588	23.64869	27.04858	20.62241	17.22227	0	20.81616	20.392	19.28056	19.78233	15.28247	14.17504	18.45076	14.24392	21.45263	2.933854	25.59043	16.20217	17.49474	22.68285	21.8787	6.723363	15.22153	12.1425	20.24132	17.84201	14.80979	22.81972	13.17848	16.54082	18.91184	6.723363	22.39239	22.25779	11.83162	22.44051	17.25017	8.671299	20.48903	17.83991	23.33982	17.60567	18.37811	22.44051	14.23467	19.10353	13.77302	2.933854	17.25017	17.33877	20.00997	22.3033	19.4689	6.553127	19.82057	15.80083	11.77733	11.23596	14.04769	20.24132	12.97776	21.16423	23.15044	21.15001	17.24626	23.96027	23.04464	19.82057	15.5753	24.71939	18.99588	12.63554	19.83811	16.67603	16.16968	13.40279	18.98268	16.54082	12.3919	15.32971	22.90993
25	16.65187	18.1761	20.41768	5.885029	18.39666	6.185467	14.90403	11.58982	16.22435	17.74063	17.84373	7.110354	11.84	5.626953	15.67539	16.0826	17.02079	15.59343	19.60402	16.9655	19.74766	16.54459	13.54631	12.64694	20.81616	0	15.51963	23.03324	6.112594	16.45324	18.82034	12.0137	18.88923	20.59635	14.87269	22.271	11.69952	18.54646	17.21746	9.102308	19.12304	19.27073	13.85113	18.04833	18.64856	18.92067	13.91683	17.82379	21.18613	12.4446	22.12077	13.48951	11.86748	16.47693	22.66183	27.00558	17.68004	19.51771	25.98178	16.00713	20.50743	19.58796	22.66183	14.83102	27.36891	11.78883	14.87269	27.36891	20.50743	20.85744	12.56517	21.61808	17.3315	24.14484	20.44614	17.21527	19.22223	17.0495	16.97151	12.38485	8.447751	6.459729	21.9884	25.38813	10.29054	20.71812	24.14484	16.12663	21.39997	16.95839	17.28085	8.28475	24.8179	15.26343	18.04809	24.91046	18.94204	17.0372	15.14468	14.00705
26	21.31819	17.00977	22.83168	22.67533	22.82912	15.33267	7.258863	24.43508	8.579186	22.17309	22.2762	18.03199	17.40444	14.77416	9.307013	20.51506	14.00338	12.53502	24.35753	21.39797	11.37543	15.64069	11.47137	21.26144	20.392	15.51963	0	25.56875	18.58814	20.18438	19.07695	23.35267	19.14583	15.99921	19.34431	23.34401	21.10408	16.91113	9.423311	19.63229	17.96639	20.12344	17.04441	7.985359	19.16976	19.7117	22.29432	18.08039	21.44273	23.06194	16.24401	16.53253	18.72886	16.73353	10.14981	11.40366	20.21555	14.29143	28.51729	17.88639	22.50758	12.25966	14.72988	19.13658	12.923	18.67493	15.45033	9.890428	22.24068	14.55654	20.88441	24.94341	16.30564	14.91899	20.70274	18.55681	21.75774	18.9496	7.985359	17.87967	18.17521	16.77618	20.35307	27.92364	18.87508	15.49184	14.91899	16.90304	22.47298	7.972236	17.53745	22.10204	23.79204	15.58607	18.3047	15.14439	21.44273	17.29381	17.51641	17.88639
27	13.4746	25.51113	25.95419	21.07948	23.01117	21.66219	19.18211	22.70977	24.67127	22.35513	22.45824	23.99327	23.73395	21.10367	18.87665	20.69711	27.6433	18.79469	11.72214	21.58001	25.05447	19.74586	21.99323	19.90976	19.28056	23.03324	25.56875	0	17.09159	19.50369	18.39625	18.66261	18.46514	18.75901	3.438839	22.7689	17.91166	20.22812	15.38012	19.05717	7.902006	19.44275	16.36372	16.21099	19.79651	19.03101	20.12897	17.3997	20.76204	18.65674	7.902006	19.70165	19.56705	16.05284	25.29076	23.2039	4.890345	17.68037	20.52087	20.51829	21.82688	17.75062	25.29076	17.18602	20.61507	14.14383	3.438839	23.55647	21.55999	19.0201	19.61256	19.49495	4.541797	20.57321	20.02205	4.425567	6.432535	18.26891	24.92744	17.19898	18.47349	20.4597	24.28522	20.27023	21.26953	18.88078	20.57321	19.79651	21.89787	22.06286	16.85675	17.14737	20.57848	17.61843	17.624	19.73532	20.76204	16.61311	16.9413	20.21919
28	15.61803	23.37365	18.97004	7.114206	16.35148	10.59497	14.94701	10.55598	20.63385	18.87505	18.97816	7.072623	13.78453	7.072623	14.64155	17.21702	23.56567	14.5596	18.57019	18.09992	20.97684	15.51076	17.95581	11.6131	19.78233	6.112594	18.58814	17.09159	0	17.42362	19.40882	13.42085	21.4644	21.56673	15.84306	20.82335	12.6699	17.09882	18.18784	8.068476	20.09342	20.24111	14.8215	19.01871	19.87774	17.47303	14.88721	18.17672	23.7613	13.41498	23.09114	14.45989	14.32529	18.89616	28.09848	27.97596	18.65042	20.48809	26.95216	14.82474	21.4778	20.55834	28.09848	15.8014	28.33928	12.75921	15.84306	28.33928	21.4778	21.82782	11.84179	22.58846	18.30187	25.11522	19.99485	18.18564	20.19261	18.01987	27.73516	13.35523	7.413918	5.156821	20.54075	26.35851	9.256704	21.6885	25.11522	19.88461	19.95232	24.87058	19.77953	12.04601	25.78828	16.23381	19.8317	25.88083	19.91241	18.27926	16.11506	14.97743
29	19.26617	21.88329	22.19248	14.49949	13.52725	16.16496	20.90977	16.12977	22.23009	12.87122	12.97433	15.66112	18.23673	15.60645	16.35821	11.21319	21.42303	16.27625	19.248	12.0961	24.70459	17.22742	19.55205	12.2537	15.28247	16.45324	20.18438	19.50369	17.42362	0	11.76686	16.04258	11.83574	23.23679	12.33258	22.05712	13.79399	6.778786	23.49817	18.14999	14.84864	8.750139	9.734318	22.02548	15.43383	12.40161	21.45181	10.7703	14.13264	20.0181	13.12626	16.52173	19.057	9.423441	17.9372	19.03433	15.27072	16.00985	29.28114	17.87559	15.19748	20.16228	17.9372	7.763275	23.47265	6.012589	12.33258	19.03433	14.93059	21.79413	16.02939	22.54655	13.18788	21.60473	13.39265	15.43906	21.89092	7.576298	22.02548	9.113506	16.59448	18.58069	14.26869	28.5733	21.45181	24.8288	21.60473	13.16711	21.18609	20.78004	10.22736	21.22521	20.67429	11.08933	10.9946	20.76684	14.13264	9.983715	10.93282	17.87559
30	18.15874	21.4709	21.08504	16.48468	12.41982	19.64846	19.80233	20.31202	21.12266	11.76378	11.86689	14.55368	20.45982	20.58571	18.34341	10.10576	20.31559	18.65029	18.14056	10.98866	23.59716	21.73193	18.44462	10.85213	14.17504	18.82034	19.07695	18.39625	19.40882	11.76686	0	17.11922	12.91239	24.31344	13.40923	23.13377	14.87064	14.96807	24.57482	19.22663	15.92529	13.89	10.81096	23.10213	16.51048	13.47825	22.52846	11.84695	15.20929	21.09474	14.20291	20.95048	20.13365	10.50009	19.01385	20.11098	16.34737	23.76192	30.35778	22.30434	16.27413	21.23892	19.01385	12.90314	24.5493	12.44149	13.40923	20.11098	16.00724	22.87078	22.17796	23.6232	14.26453	22.68138	14.4693	16.51571	22.96757	12.71616	23.10213	7.838522	23.07605	21.73428	14.34579	29.64995	22.52846	25.90545	22.68138	14.24376	22.26274	21.85669	11.304	22.30186	21.75093	11.16644	12.07125	21.84349	15.20929	7.252658	11.63185	22.30434
31	17.18906	22.82259	21.50363	10.49672	16.69554	10.88191	16.51804	8.537518	25.39838	16.03951	16.14261	8.569878	15.20137	11.0598	16.21258	14.38148	24.46105	16.13062	22.41628	15.26438	21.87221	17.08179	22.72034	15.12786	18.45076	12.0137	23.35267	18.66261	13.42085	16.04258	17.11922	0	15.00403	18.94946	17.50684	20.02165	5.543849	16.29712	15.57057	8.423657	18.01693	15.98164	12.90261	16.40144	18.58903	15.56989	5.783844	13.93859	17.30093	9.384753	16.29455	11.84262	8.423657	12.59173	19.50198	26.03026	16.03315	17.87082	24.33489	19.74161	18.36577	17.94107	19.50198	14.99478	23.59993	10.14194	13.22579	24.58525	18.09888	19.21055	7.383663	19.97118	16.35617	23.16951	16.56094	18.60735	17.57534	14.8078	26.15277	13.73787	6.244592	8.230803	19.73906	23.74123	8.569878	19.07122	23.16951	16.3354	19.38568	19.52444	13.39564	4.918478	24.36191	14.97206	14.16289	26.03026	17.30093	13.152	13.49779	12.36016
32	18.22762	21.53979	21.15393	16.10271	12.4887	18.47852	19.87122	20.3809	21.19154	11.83267	11.93578	14.62257	20.5287	20.65459	23.36085	10.17464	20.38448	18.71917	18.20945	11.05754	23.66604	21.80081	18.5135	10.92102	14.24392	18.88923	19.14583	18.46514	21.4644	11.83574	12.91239	15.00403	0	22.10831	11.2041	20.92864	12.66551	13.09613	22.36969	17.0215	13.72016	10.26156	8.605836	20.897	14.30535	11.27313	20.32333	7.117598	13.00416	18.88962	11.99778	18.74536	17.92852	5.770741	16.80872	17.90585	14.14224	21.55679	28.15265	20.09921	14.069	19.03379	16.80872	10.69801	22.34417	10.23636	11.2041	17.90585	13.80211	20.66565	19.97283	21.41807	12.0594	20.47625	12.26417	14.31058	20.76244	10.51103	20.897	5.029042	20.87092	19.52915	17.27267	27.44482	20.32333	23.70032	20.47625	12.03863	20.05761	19.65156	6.019773	20.09673	19.5458	14.09332	9.866123	19.63836	13.00416	8.855233	10.88729	20.09921
33	17.28545	21.9601	27.70964	18.64259	23.88975	19.22818	16.72459	20.27288	18.04492	23.23372	23.33683	21.55638	21.29994	18.66966	11.5832	21.57569	22.61324	10.30041	20.23761	22.4586	19.69238	17.17818	7.411425	20.67178	21.45263	20.59635	15.99921	18.75901	21.56673	23.23679	24.31344	18.94946	22.10831	0	10.35299	23.42434	15.2293	16.99434	7.971988	17.39894	14.60334	20.20665	13.52377	13.52863	19.25297	19.7949	17.44661	18.1636	21.52594	15.97438	15.73726	17.01929	16.88469	16.81674	12.99635	14.62278	15.09516	12.19565	23.32716	17.96959	20.18007	15.06826	12.79428	14.50366	20.13156	11.46147	10.35299	12.19565	20.18007	11.61197	16.9302	17.09838	14.74319	16.9075	20.78595	14.57551	14.91427	16.72214	14.38197	12.05749	15.79113	17.77734	20.43628	22.7335	18.58717	16.19842	16.9075	16.98625	22.5533	12.02787	17.62065	14.46501	26.02348	14.93607	18.3879	14.43345	18.61468	17.37701	16.88771	17.53683
34	6.534886	19.06975	19.14949	12.91893	12.98554	16.46099	17.16038	15.22085	17.49604	12.32951	12.43262	21.47732	18.53276	15.90248	10.58531	10.67148	19.48208	10.50336	6.021788	11.55439	19.72289	11.45452	14.818	11.41786	2.933854	14.87269	19.34431	3.438839	15.84306	12.33258	13.40923	17.50684	11.2041	10.35299	0	24.838	19.12621	17.88681	16.59468	21.12628	7.382271	15.70209	12.62305	17.42555	15.8082	15.29034	21.34353	13.65904	17.02138	16.43507	7.382271	20.9162	20.79107	12.31218	23.03674	19.21559	4.618264	18.89493	11.18571	21.60206	18.08622	18.96518	23.03674	14.71523	16.62675	15.35839	0.2476533	25.86638	17.81933	20.23466	20.82711	9.912148	8.382953	20.05348	16.28139	7.961381	5.9128	14.52825	23.03674	13.45832	19.68804	21.67426	20.93126	10.59206	22.48409	19.21559	20.05348	18.07491	20.46198	18.34711	13.11609	18.36193	9.774176	18.83299	13.88334	21.42657	17.02138	12.87245	14.78292	21.43375
35	26.30231	29.18174	10.23195	18.86923	22.71008	22.38064	24.0694	19.9893	25.38972	22.05405	22.15716	21.36827	25.55073	21.3171	23.65666	20.39602	28.36176	23.5747	25.98179	18.22732	27.88676	24.52587	22.71168	21.1424	25.59043	22.271	23.34401	22.7689	20.82335	22.05712	23.13377	20.02165	20.92864	23.42434	24.838	0	17.21009	14.85822	28.84293	18.98748	24.05053	22.01524	18.9362	25.04531	24.23182	15.23243	20.23612	19.97218	23.33453	17.98753	22.32814	24.34363	20.0899	18.62533	25.53558	29.81023	20.48469	23.52276	28.78643	24.30573	24.39937	26.58494	25.53558	21.02837	27.7151	20.56673	23.35631	29.81023	24.13247	27.85443	20.27158	28.61506	20.13614	29.20311	22.59454	20.01991	22.02688	20.8414	29.93274	19.77146	21.00793	15.77547	18.30016	28.19277	23.29958	29.81023	29.20311	22.369	9.244611	26.16682	19.42924	26.36732	28.47709	13.53316	20.19649	28.32258	23.33453	19.1856	21.4928	24.86117
36	16.4381	21.67646	17.3264	9.745763	14.44695	7.855879	15.76708	6.699706	23.14979	13.79092	13.89403	9.384753	16.01624	11.83767	15.46162	12.13289	22.34273	15.37966	20.16769	13.01579	23.5941	16.33083	20.47175	12.87927	16.20217	11.69952	21.10408	17.91166	12.6699	13.79399	14.87064	5.543849	12.66551	15.2293	19.12621	17.21009	0	16.29712	17.0682	11.48712	18.01693	15.98164	12.90261	17.89907	18.60212	15.56989	10.81847	13.93859	17.30093	9.384753	16.29455	13.34025	8.423657	12.59173	21.10549	22.20262	18.43901	19.36845	25.83252	17.45308	18.36577	19.4387	21.10549	14.99478	26.64094	14.53313	15.50087	22.9498	18.09888	20.70818	17.59405	21.46882	16.35617	24.77302	16.56094	18.60735	19.07298	14.8078	25.19377	13.73787	12.37766	8.464357	19.73906	25.23887	10.81847	20.56886	24.77302	16.3354	19.15062	23.94833	13.39564	17.10791	23.84257	14.97206	14.16289	23.93513	17.30093	13.152	14.99543	13.85779
37	19.80376	23.0668	14.97453	15.1447	12.89203	15.94776	17.63652	16.26476	18.95684	15.08349	15.1866	17.64374	18.01953	17.59256	18.82729	7.984281	22.24681	16.48447	21.46027	7.021685	24.16222	19.6965	16.2788	8.405317	17.49474	18.54646	16.91113	20.22812	17.09882	6.778786	14.96807	16.29712	13.09613	16.99434	17.88681	14.85822	16.29712	0	21.12804	19.79016	20.00368	15.90546	15.15402	20.46269	20.58887	10.22999	19.23989	15.78795	15.88966	16.9913	18.2813	19.24729	19.09367	14.56052	23.09224	26.42359	20.42576	20.13612	29.58911	20.60115	19.36856	23.49854	23.09224	13.37142	23.34313	10.53185	17.48762	26.42359	19.36856	21.46364	19.27535	25.52866	18.34292	26.75977	16.95044	20.5941	22.82956	14.39698	20.46269	10.83195	20.0117	14.77924	13.29771	28.99545	22.30335	24.6287	26.75977	18.32215	16.71549	20.44956	12.05177	25.37108	25.82932	8.530715	9.123875	25.92188	15.88966	12.65448	10.32257	20.60115
38	13.90656	11.68114	28.95923	15.2637	24.15114	17.17626	9.771764	16.89399	12.72464	23.4951	23.59821	18.17749	19.75614	18.17749	6.067373	21.83708	17.10668	9.268649	16.85872	22.71998	11.31151	10.46904	11.35225	17.2929	22.68285	17.21746	9.423311	15.38012	18.18784	23.49817	24.57482	15.57057	22.36969	7.971988	16.59468	28.84293	17.0682	21.12804	0	17.83236	15.03675	18.88456	13.95718	10.49826	17.65124	21.5757	17.88002	19.9444	23.30674	16.40779	16.17067	17.4527	17.3181	18.59754	6.409981	11.07144	15.52857	12.93826	23.76057	20.23809	20.61348	11.93061	10.40456	14.93707	12.33131	11.89488	10.7864	10.64537	20.61348	12.04538	17.36361	17.53179	15.1766	14.04029	22.56675	15.00892	15.34768	19.21409	10.83064	16.3618	16.22454	18.21075	21.1708	23.16691	19.02058	13.30158	14.04029	19.91796	22.30502	6.311312	17.60399	14.89842	23.42412	15.36948	20.1687	12.93826	19.04809	19.15781	17.32112	17.97024
39	18.60775	25.47002	19.10378	8.082766	18.80295	9.496138	17.93673	12.64001	21.678	18.14692	18.25002	8.423657	11.89451	10.06234	17.63127	16.48889	24.65003	17.54931	22.27006	17.37179	22.63301	18.50048	18.99995	14.60282	21.8787	9.102308	19.63229	19.05717	8.068476	18.14999	19.22663	8.423657	17.0215	17.39894	21.12628	18.98748	11.48712	19.79016	17.83236	0	19.04106	18.23527	15.15623	17.96635	20.98504	17.82352	8.569878	16.19221	19.55456	6.321289	18.54818	13.40753	10.67225	14.84536	21.75561	26.03026	16.70472	19.74279	25.00646	15.92515	20.6194	19.50598	21.75561	14.74904	23.93513	11.70685	14.79071	26.03026	20.35251	20.77546	11.36994	21.5361	16.35617	24.06286	18.81457	16.23994	18.24691	17.06143	26.15277	15.9915	8.365772	9.361048	20.43555	24.4128	10.20856	20.63614	24.06286	18.58903	18.0482	22.38685	15.64927	14.9161	24.69712	15.66855	16.41652	24.54261	19.55456	15.40563	15.06271	13.92507
40	5.431797	21.83347	21.9132	17.16928	15.50161	19.08184	15.14113	17.98457	20.0121	14.84557	14.94868	17.63547	23.26713	20.08307	14.83567	13.18755	19.20504	14.75371	11.00753	14.07045	22.4866	15.70487	17.33406	13.93392	6.723363	19.12304	17.96639	7.902006	20.09342	14.84864	15.92529	18.01693	13.72016	14.60334	7.382271	24.05053	18.01693	20.00368	15.03675	19.04106	0	16.94576	13.86673	17.18258	17.29953	16.53402	21.10057	14.90271	18.26505	17.9264	3.202119	20.67324	20.53864	13.55585	24.16474	20.70691	7.946432	18.65197	17.11505	24.61839	19.3299	18.72222	24.16474	15.9589	18.11808	15.49725	6.109882	18.9744	19.063	19.9917	20.58415	13.21387	5.828259	21.5448	17.52506	8.098683	5.498516	15.77192	21.96555	14.70199	19.44508	21.43129	22.87424	16.52139	22.24113	19.85237	21.5448	17.29953	21.95331	20.72012	14.35977	18.11897	15.95116	17.89391	15.12702	20.70691	18.26505	14.11613	16.27424	21.19078
41	19.20523	20.53032	22.13154	17.31697	13.46631	19.22953	20.84883	18.94726	22.16915	12.81028	12.91339	15.60018	21.50632	20.23076	21.36798	11.15226	21.36209	19.69679	19.18706	12.03516	24.64365	22.77842	19.49111	10.65199	15.22153	19.27073	20.12344	19.44275	20.24111	8.750139	13.89	15.98164	10.26156	20.20665	15.70209	22.01524	15.98164	15.90546	18.88456	18.23527	16.94576	0	10.92051	23.21168	16.62003	13.5878	22.638	5.32653	14.51959	21.20429	14.31245	18.80909	20.24319	6.492902	19.1234	20.22053	16.45692	23.87146	30.46733	22.41389	16.38368	21.34847	19.1234	7.848558	24.65885	10.14492	13.51877	20.22053	16.11678	22.98032	22.2875	23.73275	14.37408	22.79093	10.59291	16.62526	23.07712	7.661582	23.21168	11.75577	17.58093	19.56714	15.48161	29.75949	22.638	26.015	22.79093	14.35331	22.37228	21.96624	11.41355	22.4114	21.86048	12.30225	12.1808	21.95304	13.08749	11.16991	9.772697	19.32664
42	16.1262	19.43836	19.05251	11.89737	10.38728	13.80993	17.76979	13.52766	19.09012	3.645995	9.834355	12.52115	18.42728	14.81116	13.75609	8.073219	18.28306	13.67414	16.10802	7.375926	21.56462	14.6253	16.41208	8.819595	12.1425	13.85113	17.04441	16.36372	14.8215	9.734318	10.81096	12.90261	8.605836	13.52377	12.62305	18.9362	12.90261	15.15402	13.95718	15.15623	13.86673	10.92051	0	22.02241	15.43076	12.39854	21.44874	10.76723	14.12957	20.01503	13.12319	14.74585	19.05393	9.42037	17.93413	19.03126	15.26765	22.6822	29.27806	21.22462	10.00606	20.1592	17.93413	11.82342	23.46958	6.173417	12.32951	19.03126	14.92752	21.79106	21.09824	22.54348	13.18481	21.60166	13.38958	15.43599	21.88785	11.63644	22.02241	10.56651	13.51769	15.5039	12.2279	28.57023	21.44874	24.82573	21.60166	13.16404	21.18302	20.77697	7.488032	21.22214	20.67122	9.048544	6.238493	20.76377	14.12957	9.980643	14.54867	15.2634
43	14.73743	14.04871	25.16162	16.09457	22.67844	16.78455	4.088279	17.72486	10.03107	22.02241	22.12552	19.00836	18.85632	16.22604	13.76095	20.36438	14.70185	13.679	17.68959	21.24729	14.70185	9.059939	12.92325	18.12377	20.24132	18.04833	7.985359	16.21099	19.01871	22.02548	23.10213	16.40144	20.897	13.52863	17.42555	25.04531	17.89907	20.46269	10.49826	17.96635	17.18258	23.21168	22.02241	0	19.89515	20.43708	17.9844	18.80578	22.16812	16.51216	16.9694	17.25792	17.42248	17.45892	10.49826	10.73907	15.63294	9.965573	23.86494	18.61177	23.23296	10.03582	14.70185	15.04144	10.73907	11.99926	10.89077	14.12648	22.96607	15.28193	17.46798	17.63616	17.03102	15.02824	21.42813	19.2822	15.45205	19.67499	4.088279	18.60505	16.32891	18.31512	21.07845	23.27129	19.12496	11.16598	15.02824	17.62843	23.19837	8.697622	18.26283	15.0028	24.01545	16.31146	19.03008	14.94265	22.16812	18.01919	17.42549	18.61177
